[gd_scene load_steps=11 format=3 uid="uid://df7i4bxl7nc3l"]

[ext_resource type="Script" path="res://scenes/player/Player.gd" id="1_3vxr8"]
[ext_resource type="Material" uid="uid://culnvg3nygply" path="res://assets/models/Jackalope/Eye.tres" id="1_yp36l"]
[ext_resource type="Material" uid="uid://0k4mrex2iyo6" path="res://assets/models/Jackalope/Jackalope.tres" id="2_8ua35"]
[ext_resource type="Animation" uid="uid://dec4t6ix42juc" path="res://assets/models/Jackalope/Idle.tres" id="4_yhibv"]
[ext_resource type="Animation" uid="uid://b7k87l6ftxx0p" path="res://assets/models/Jackalope/Walk.tres" id="5_b14ti"]

[sub_resource type="ArrayMesh" id="ArrayMesh_mkpn5"]
resource_name = "jackalope_Plane_002"
_surfaces = [{
"aabb": AABB(-0.206388, 0.323234, -0.853126, 0.412786, 0.104487, 0.156293),
"attribute_data": PackedByteArray(64, 134, 158, 189, 129, 226, 115, 63, 240, 117, 37, 190, 112, 205, 8, 62, 228, 57, 164, 63, 186, 186, 117, 63, 18, 170, 119, 63, 56, 212, 122, 62, 127, 81, 26, 63, 158, 206, 116, 63, 24, 185, 244, 189, 235, 10, 11, 63, 150, 76, 206, 62, 208, 208, 65, 62, 118, 7, 144, 63, 230, 55, 26, 63, 229, 187, 0, 63, 105, 161, 18, 63, 64, 134, 158, 189, 129, 226, 115, 63, 240, 117, 37, 190, 112, 205, 8, 62, 228, 57, 164, 63, 186, 186, 117, 63, 18, 170, 119, 63, 56, 212, 122, 62, 127, 81, 26, 63, 158, 206, 116, 63, 24, 185, 244, 189, 235, 10, 11, 63, 150, 76, 206, 62, 208, 208, 65, 62, 118, 7, 144, 63, 230, 55, 26, 63, 229, 187, 0, 63, 105, 161, 18, 63),
"bone_aabbs": [AABB(0, 0, 0, -1, -1, -1), AABB(0, 0, 0, -1, -1, -1), AABB(0, 0, 0, -1, -1, -1), AABB(0, 0, 0, -1, -1, -1), AABB(-0.206388, 0.323234, -0.853126, 0.412786, 0.104487, 0.156293), AABB(-0.136172, 0.323787, -0.853126, 0.272343, 0.0510659, 0.0921009)],
"format": 34359745559,
"index_count": 48,
"index_data": PackedByteArray(8, 0, 1, 0, 6, 0, 8, 0, 5, 0, 1, 0, 4, 0, 5, 0, 8, 0, 4, 0, 0, 0, 5, 0, 2, 0, 8, 0, 7, 0, 2, 0, 4, 0, 8, 0, 7, 0, 6, 0, 3, 0, 7, 0, 8, 0, 6, 0, 17, 0, 10, 0, 14, 0, 17, 0, 15, 0, 10, 0, 13, 0, 14, 0, 9, 0, 13, 0, 17, 0, 14, 0, 11, 0, 17, 0, 13, 0, 11, 0, 16, 0, 17, 0, 16, 0, 15, 0, 17, 0, 16, 0, 12, 0, 15, 0),
"material": ExtResource("1_yp36l"),
"name": "Eye",
"primitive": 3,
"skin_data": PackedByteArray(4, 0, 0, 0, 0, 0, 0, 0, 255, 255, 0, 0, 0, 0, 0, 0, 4, 0, 0, 0, 0, 0, 0, 0, 255, 255, 0, 0, 0, 0, 0, 0, 5, 0, 4, 0, 0, 0, 0, 0, 170, 170, 85, 85, 0, 0, 0, 0, 4, 0, 0, 0, 0, 0, 0, 0, 255, 255, 0, 0, 0, 0, 0, 0, 5, 0, 4, 0, 0, 0, 0, 0, 255, 127, 255, 127, 0, 0, 0, 0, 4, 0, 0, 0, 0, 0, 0, 0, 255, 255, 0, 0, 0, 0, 0, 0, 4, 0, 0, 0, 0, 0, 0, 0, 255, 255, 0, 0, 0, 0, 0, 0, 5, 0, 4, 0, 0, 0, 0, 0, 255, 127, 255, 127, 0, 0, 0, 0, 4, 0, 5, 0, 0, 0, 0, 0, 170, 170, 85, 85, 0, 0, 0, 0, 4, 0, 0, 0, 0, 0, 0, 0, 255, 255, 0, 0, 0, 0, 0, 0, 4, 0, 0, 0, 0, 0, 0, 0, 255, 255, 0, 0, 0, 0, 0, 0, 5, 0, 4, 0, 0, 0, 0, 0, 170, 170, 85, 85, 0, 0, 0, 0, 4, 0, 0, 0, 0, 0, 0, 0, 255, 255, 0, 0, 0, 0, 0, 0, 5, 0, 4, 0, 0, 0, 0, 0, 255, 127, 255, 127, 0, 0, 0, 0, 4, 0, 0, 0, 0, 0, 0, 0, 255, 255, 0, 0, 0, 0, 0, 0, 4, 0, 0, 0, 0, 0, 0, 0, 255, 255, 0, 0, 0, 0, 0, 0, 5, 0, 4, 0, 0, 0, 0, 0, 255, 127, 255, 127, 0, 0, 0, 0, 4, 0, 5, 0, 0, 0, 0, 0, 170, 170, 85, 85, 0, 0, 0, 0),
"uv_scale": Vector4(0, 0, 0, 0),
"vertex_count": 18,
"vertex_data": PackedByteArray(89, 87, 83, 62, 247, 126, 165, 62, 78, 178, 61, 191, 110, 214, 60, 62, 68, 254, 218, 62, 181, 99, 50, 191, 55, 160, 154, 61, 2, 106, 169, 62, 127, 102, 90, 191, 13, 70, 182, 61, 75, 220, 208, 62, 41, 183, 75, 191, 145, 112, 11, 62, 120, 199, 165, 62, 31, 26, 75, 191, 40, 142, 59, 62, 224, 125, 194, 62, 119, 192, 53, 191, 98, 2, 16, 62, 238, 90, 215, 62, 191, 159, 63, 191, 219, 134, 156, 61, 112, 29, 190, 62, 214, 69, 78, 191, 154, 125, 8, 62, 198, 236, 191, 62, 146, 210, 66, 191, 89, 87, 83, 190, 246, 126, 165, 62, 79, 178, 61, 191, 109, 214, 60, 190, 67, 254, 218, 62, 181, 99, 50, 191, 55, 160, 154, 189, 2, 106, 169, 62, 127, 102, 90, 191, 13, 70, 182, 189, 75, 220, 208, 62, 41, 183, 75, 191, 145, 112, 11, 190, 120, 199, 165, 62, 31, 26, 75, 191, 38, 142, 59, 190, 224, 125, 194, 62, 119, 192, 53, 191, 99, 2, 16, 190, 236, 90, 215, 62, 191, 159, 63, 191, 219, 134, 156, 189, 112, 29, 190, 62, 214, 69, 78, 191, 154, 125, 8, 190, 198, 236, 191, 62, 146, 210, 66, 191, 107, 217, 98, 215, 155, 0, 163, 162, 9, 246, 218, 194, 33, 1, 135, 158, 95, 215, 56, 214, 33, 4, 182, 222, 65, 251, 213, 199, 245, 2, 249, 161, 55, 216, 178, 214, 212, 3, 28, 222, 178, 232, 109, 204, 207, 1, 207, 159, 219, 247, 150, 196, 195, 3, 51, 159, 104, 226, 204, 209, 83, 3, 108, 222, 102, 231, 49, 207, 26, 1, 93, 161, 147, 38, 98, 215, 99, 255, 91, 93, 245, 9, 218, 194, 221, 254, 119, 97, 159, 40, 56, 214, 221, 251, 72, 33, 189, 4, 213, 199, 9, 253, 5, 94, 199, 39, 178, 214, 42, 252, 226, 33, 76, 23, 109, 204, 47, 254, 47, 96, 35, 8, 150, 196, 59, 252, 203, 96, 150, 29, 204, 209, 171, 252, 146, 33, 152, 24, 49, 207, 228, 254, 161, 94)
}]
blend_shape_mode = 0

[sub_resource type="Skin" id="Skin_loxem"]
resource_name = "Skin"
bind_count = 38
bind/0/name = &"Root"
bind/0/bone = -1
bind/0/pose = Transform3D(1, 0, 0, 0, 1, 0, 0, 0, 1, 0, 1.19553, 0)
bind/1/name = &"LTorso"
bind/1/bone = -1
bind/1/pose = Transform3D(1, -1.06358e-17, 1.08451e-16, 1.08451e-16, 0.194272, -0.980948, -1.06358e-17, 0.980948, 0.194272, 2.08211e-16, 0.275456, -0.028852)
bind/2/name = &"UTorso"
bind/2/bone = -1
bind/2/pose = Transform3D(1, 2.38745e-17, -1.00162e-16, -1.00162e-16, 0.45109, -0.892479, 2.38746e-17, 0.892479, 0.45109, 1.81405e-16, -0.1308, 0.00659096)
bind/3/name = &"Neck"
bind/3/bone = -1
bind/3/pose = Transform3D(1, 2.66663e-17, -1.05504e-16, -1.05504e-16, 0.475149, -0.879905, 2.66663e-17, 0.879905, 0.475149, 1.78717e-16, -0.445737, 0.0186969)
bind/4/name = &"Head"
bind/4/bone = -1
bind/4/pose = Transform3D(1, -8.99177e-08, -2.20813e-07, 0, 0.926155, -0.377142, 2.38419e-07, 0.377142, 0.926155, -8.48478e-08, -0.400415, 0.355878)
bind/5/name = &"Jaw"
bind/5/bone = -1
bind/5/pose = Transform3D(1, -1.41995e-14, -5.67976e-16, 1.53355e-14, 0.0399678, -0.999201, 2.7831e-14, 0.999201, 0.0399677, 2.88901e-15, -0.799812, -0.203296)
bind/6/name = &"LEar_L"
bind/6/bone = -1
bind/6/pose = Transform3D(0.914282, 0.390058, -0.109285, -0.383482, 0.920358, 0.0766965, 0.130497, -0.0282135, 0.991047, -0.160564, -0.513684, 0.588055)
bind/7/name = &"UEar_L"
bind/7/bone = -1
bind/7/pose = Transform3D(0.883543, 0.455853, -0.10747, -0.46834, 0.861412, -0.196536, 0.00298462, 0.223981, 0.974589, -0.219999, -0.912419, 0.345339)
bind/8/name = &"Horn_L"
bind/8/bone = -1
bind/8/pose = Transform3D(0.862584, 0.495995, -0.0996903, -0.505483, 0.836814, -0.21031, -0.0208907, 0.231802, 0.972539, -0.161868, -0.646657, 0.508403)
bind/9/name = &"Cheek_L"
bind/9/bone = -1
bind/9/pose = Transform3D(0.0499232, 0.886137, -0.460727, -0.998417, 0.0562488, 1.09896e-07, 0.0259154, 0.459997, 0.887542, -0.499574, -0.226095, 0.395082)
bind/10/name = &"LEar_R"
bind/10/bone = -1
bind/10/pose = Transform3D(0.914282, -0.390058, 0.109285, 0.383482, 0.920358, 0.0766965, -0.130497, -0.0282134, 0.991047, 0.160564, -0.513684, 0.588054)
bind/11/name = &"UEar_R"
bind/11/bone = -1
bind/11/pose = Transform3D(0.883543, -0.455853, 0.10747, 0.46834, 0.861412, -0.196536, -0.00298464, 0.223981, 0.974589, 0.22, -0.912419, 0.345339)
bind/12/name = &"Horn_R"
bind/12/bone = -1
bind/12/pose = Transform3D(0.862584, -0.495995, 0.0996903, 0.505483, 0.836814, -0.21031, 0.0208907, 0.231802, 0.972539, 0.161868, -0.646657, 0.508403)
bind/13/name = &"Cheek_R"
bind/13/bone = -1
bind/13/pose = Transform3D(0.0499232, -0.886137, 0.460727, 0.998417, 0.0562488, -5.58794e-09, -0.0259153, 0.459997, 0.887542, 0.499574, -0.226095, 0.395082)
bind/14/name = &"Collarbone_L"
bind/14/bone = -1
bind/14/pose = Transform3D(0.831383, -0.547178, 0.09695, 0.454437, 0.569046, -0.685327, 0.319827, 0.613827, 0.721753, 0.0806173, 0.018829, 0.330288)
bind/15/name = &"UArm_L"
bind/15/bone = -1
bind/15/pose = Transform3D(0.713377, -0.103237, -0.693134, -0.229224, -0.969056, -0.0915848, -0.662231, 0.224218, -0.714966, -0.0499146, -0.227008, -0.248837)
bind/16/name = &"LArm_L"
bind/16/bone = -1
bind/16/pose = Transform3D(0.771714, 0.171113, -0.612517, -0.205301, -0.844532, -0.494588, -0.601921, 0.507431, -0.616608, 0.0957167, -0.51738, -0.0946115)
bind/17/name = &"Hand_L"
bind/17/bone = -1
bind/17/pose = Transform3D(0.785734, 0.549242, -0.284528, -0.0838432, -0.36117, -0.928723, -0.612856, 0.753585, -0.237734, 0.446394, -0.581529, 0.18886)
bind/18/name = &"Collarbone_R"
bind/18/bone = -1
bind/18/pose = Transform3D(0.831383, 0.547178, -0.09695, -0.454437, 0.569046, -0.685327, -0.319827, 0.613827, 0.721753, -0.0806173, 0.018829, 0.330288)
bind/19/name = &"UArm_R"
bind/19/bone = -1
bind/19/pose = Transform3D(0.713377, 0.103237, 0.693134, 0.229224, -0.969056, -0.0915848, 0.662231, 0.224218, -0.714966, 0.0499146, -0.227008, -0.248837)
bind/20/name = &"LArm_R"
bind/20/bone = -1
bind/20/pose = Transform3D(0.771714, -0.171113, 0.612517, 0.205301, -0.844532, -0.494588, 0.601921, 0.507431, -0.616608, -0.0957167, -0.51738, -0.0946115)
bind/21/name = &"Hand_R"
bind/21/bone = -1
bind/21/pose = Transform3D(0.785734, -0.549242, 0.284528, 0.0838432, -0.36117, -0.928723, 0.612856, 0.753585, -0.237734, -0.446394, -0.581529, 0.18886)
bind/22/name = &"LTail"
bind/22/bone = -1
bind/22/pose = Transform3D(1, -8.39145e-07, 4.53138e-07, -8.52651e-14, 0.475148, 0.879905, -9.53675e-07, -0.879905, 0.475149, -9.36325e-08, -0.383015, -0.0981806)
bind/23/name = &"UTail"
bind/23/bone = -1
bind/23/pose = Transform3D(1, -6.2318e-07, 7.21901e-07, -2.55795e-13, 0.756968, 0.653451, -9.53674e-07, -0.653451, 0.756968, -2.37858e-07, -0.379476, -0.249412)
bind/24/name = &"ULeg_L"
bind/24/bone = -1
bind/24/pose = Transform3D(0.980858, -0.190884, -0.0384735, -0.194723, -0.961522, -0.1938, 3.8743e-07, 0.197583, -0.980286, 0.222998, -0.0145458, 0.2744)
bind/25/name = &"LLeg_L"
bind/25/bone = -1
bind/25/pose = Transform3D(0.979375, 0.201304, 0.01736, 0.154782, -0.802709, 0.575935, 0.129873, -0.561369, -0.817311, 0.378051, -0.405677, -0.0399571)
bind/26/name = &"Foot_L"
bind/26/bone = -1
bind/26/pose = Transform3D(0.998918, -0.0172742, 0.0431856, -5.7742e-08, -0.928477, -0.37139, 0.0465123, 0.370989, -0.927472, 0.217768, -0.509762, 0.643737)
bind/27/name = &"ULeg_R"
bind/27/bone = -1
bind/27/pose = Transform3D(0.980858, 0.190884, 0.0384735, 0.194723, -0.961522, -0.1938, -3.8743e-07, 0.197583, -0.980286, -0.222998, -0.0145458, 0.2744)
bind/28/name = &"LLeg_R"
bind/28/bone = -1
bind/28/pose = Transform3D(0.979375, -0.201304, -0.01736, -0.154782, -0.802709, 0.575935, -0.129873, -0.561369, -0.817311, -0.378051, -0.405677, -0.0399571)
bind/29/name = &"Foot_R"
bind/29/bone = -1
bind/29/pose = Transform3D(0.998918, 0.0172742, -0.0431856, 5.7742e-08, -0.928477, -0.37139, -0.0465123, 0.370989, -0.927472, -0.217768, -0.509762, 0.643737)
bind/30/name = &"Wrist_L"
bind/30/bone = -1
bind/30/pose = Transform3D(0.522907, -0.85239, 0, 0, 0, 1, -0.85239, -0.522907, 0, -0.360949, 0.368169, -0.554327)
bind/31/name = &"Wrist_R"
bind/31/bone = -1
bind/31/pose = Transform3D(0.522907, 0.85239, 0, 0, 0, 1, 0.85239, -0.522907, 0, 0.360949, 0.368169, -0.554327)
bind/32/name = &"Ankle_L"
bind/32/bone = -1
bind/32/pose = Transform3D(0.97767, 0.210146, 0, 0, 0, 1, 0.210146, -0.97767, 0, 0.390807, -0.398323, -0.640535)
bind/33/name = &"Ankle_R"
bind/33/bone = -1
bind/33/pose = Transform3D(0.97767, -0.210146, 0, 0, 0, 1, -0.210146, -0.97767, 0, -0.390807, -0.398323, -0.640535)
bind/34/name = &"Elbow_L"
bind/34/bone = -1
bind/34/pose = Transform3D(0.538476, -0.842641, 0, 0, 0, 1, -0.842641, -0.538476, 0, -0.213897, 0.2556, -0.417985)
bind/35/name = &"Elbow_R"
bind/35/bone = -1
bind/35/pose = Transform3D(0.538476, 0.842641, 0, 0, 0, 1, 0.842641, -0.538476, 0, 0.213897, 0.2556, -0.417985)
bind/36/name = &"Knee_L"
bind/36/bone = -1
bind/36/pose = Transform3D(0.987134, -0.159897, 0, 0, 0, -1, 0.159897, 0.987134, 0, 0.230559, 0.194423, 0.467049)
bind/37/name = &"Knee_R"
bind/37/bone = -1
bind/37/pose = Transform3D(0.987134, 0.159897, 0, 0, 0, -1, -0.159897, 0.987134, 0, -0.230559, 0.194423, 0.467049)

[sub_resource type="ArrayMesh" id="ArrayMesh_no6hm"]
resource_name = "jackalope_Plane_001"
_surfaces = [{
"aabb": AABB(-0.610515, -1.03134, -0.944004, 1.22103, 2.33066, 1.51834),
"attribute_data": PackedByteArray(44, 202, 193, 62, 86, 220, 206, 62, 47, 203, 193, 62, 135, 122, 99, 63, 132, 198, 191, 62, 174, 213, 184, 62, 219, 199, 191, 62, 182, 125, 110, 63, 218, 173, 233, 61, 198, 186, 175, 62, 59, 190, 233, 61, 38, 12, 115, 63, 75, 69, 194, 62, 164, 229, 152, 62, 10, 71, 194, 62, 125, 117, 126, 63, 175, 168, 197, 62, 192, 158, 239, 62, 49, 169, 197, 62, 134, 25, 83, 63, 128, 16, 205, 62, 168, 198, 6, 63, 129, 16, 205, 62, 103, 34, 68, 63, 119, 254, 215, 62, 170, 34, 34, 63, 60, 137, 46, 63, 170, 34, 34, 63, 38, 142, 50, 61, 184, 89, 212, 62, 122, 173, 50, 61, 115, 189, 96, 63, 111, 253, 128, 62, 226, 116, 37, 63, 207, 92, 146, 62, 212, 116, 37, 63, 58, 219, 160, 62, 204, 116, 37, 63, 59, 68, 13, 63, 110, 132, 110, 63, 74, 175, 64, 62, 100, 115, 37, 63, 74, 175, 64, 62, 62, 118, 37, 63, 59, 68, 13, 63, 106, 36, 61, 63, 59, 68, 13, 63, 232, 167, 64, 63, 59, 68, 13, 63, 13, 6, 55, 63, 59, 68, 13, 63, 70, 142, 52, 63, 59, 68, 13, 63, 183, 73, 46, 63, 59, 68, 13, 63, 253, 223, 43, 63, 59, 68, 13, 63, 4, 170, 49, 63, 59, 68, 13, 63, 242, 130, 72, 63, 59, 68, 13, 63, 98, 234, 77, 63, 59, 68, 13, 63, 235, 98, 82, 63, 127, 104, 250, 62, 168, 179, 38, 63, 56, 84, 29, 63, 168, 179, 38, 63, 119, 247, 232, 62, 72, 195, 36, 63, 187, 12, 38, 63, 72, 195, 36, 63, 59, 68, 13, 63, 217, 43, 85, 63, 59, 68, 13, 63, 124, 104, 88, 63, 59, 68, 13, 63, 61, 174, 94, 63, 59, 68, 13, 63, 64, 105, 101, 63, 59, 68, 13, 63, 144, 69, 106, 63, 59, 68, 13, 63, 193, 3, 110, 63, 15, 36, 2, 63, 72, 53, 39, 63, 59, 68, 13, 63, 1, 20, 39, 63, 104, 100, 24, 63, 72, 53, 39, 63, 242, 35, 66, 60, 170, 64, 240, 62, 169, 149, 66, 60, 114, 202, 82, 63, 106, 48, 180, 57, 198, 179, 13, 63, 28, 114, 190, 57, 128, 55, 61, 63, 131, 164, 70, 63, 56, 223, 117, 62, 252, 166, 184, 61, 132, 117, 37, 63, 165, 245, 81, 63, 126, 112, 39, 63, 119, 114, 181, 62, 246, 240, 207, 62, 187, 43, 182, 62, 226, 70, 185, 62, 201, 187, 4, 62, 10, 252, 186, 62, 19, 239, 181, 62, 202, 253, 149, 62, 4, 36, 8, 62, 158, 36, 209, 62, 12, 174, 242, 62, 128, 33, 37, 60, 111, 242, 38, 62, 228, 240, 235, 62, 131, 98, 5, 63, 0, 40, 180, 57, 145, 4, 134, 62, 128, 56, 3, 63, 176, 77, 73, 62, 242, 148, 134, 62, 185, 123, 63, 62, 166, 182, 132, 62, 31, 207, 50, 62, 80, 71, 139, 62, 125, 44, 58, 62, 70, 77, 141, 62, 216, 69, 69, 62, 132, 208, 145, 62, 95, 220, 104, 62, 198, 203, 147, 62, 154, 47, 84, 62, 50, 172, 142, 62, 17, 17, 93, 62, 226, 18, 142, 62, 137, 108, 86, 62, 120, 4, 134, 62, 106, 63, 71, 62, 244, 104, 141, 62, 16, 228, 121, 62, 204, 122, 139, 62, 100, 180, 107, 62, 156, 219, 137, 62, 78, 208, 42, 62, 20, 76, 130, 62, 234, 32, 39, 62, 210, 0, 132, 62, 66, 214, 124, 62, 82, 49, 146, 62, 43, 186, 76, 62, 90, 158, 128, 62, 41, 135, 62, 62, 224, 77, 126, 62, 107, 134, 89, 62, 192, 102, 128, 62, 11, 81, 102, 62, 110, 109, 134, 62, 22, 26, 92, 62, 72, 155, 52, 62, 110, 199, 92, 62, 208, 235, 42, 62, 80, 132, 92, 62, 184, 189, 47, 62, 207, 206, 74, 62, 4, 61, 42, 62, 125, 70, 74, 62, 132, 25, 52, 62, 102, 45, 74, 62, 168, 163, 47, 62, 181, 78, 59, 62, 164, 36, 41, 62, 191, 2, 57, 62, 236, 249, 56, 62, 19, 228, 57, 62, 164, 175, 50, 62, 138, 10, 144, 62, 180, 232, 66, 62, 96, 188, 142, 62, 52, 35, 74, 62, 106, 86, 143, 62, 84, 138, 71, 62, 40, 247, 141, 62, 204, 204, 60, 62, 120, 30, 139, 62, 228, 146, 75, 62, 205, 183, 139, 62, 16, 168, 70, 62, 93, 131, 137, 62, 176, 82, 62, 62, 194, 11, 136, 62, 36, 114, 70, 62, 80, 76, 136, 62, 168, 86, 67, 62, 112, 103, 126, 62, 100, 214, 49, 62, 161, 184, 123, 62, 244, 132, 66, 62, 55, 69, 125, 62, 32, 23, 58, 62, 203, 39, 110, 62, 152, 130, 45, 62, 139, 164, 107, 62, 104, 138, 56, 62, 26, 31, 109, 62, 92, 246, 49, 62, 92, 218, 44, 62, 180, 150, 52, 62, 13, 227, 145, 62, 216, 16, 74, 62, 77, 243, 43, 62, 152, 85, 59, 62, 177, 81, 144, 62, 168, 102, 80, 62, 24, 114, 45, 62, 216, 80, 46, 62, 122, 84, 147, 62, 44, 129, 68, 62, 253, 46, 139, 62, 160, 229, 74, 62, 250, 48, 141, 62, 116, 43, 64, 62, 127, 139, 133, 62, 84, 33, 65, 62, 198, 34, 132, 62, 20, 0, 73, 62, 191, 89, 134, 62, 216, 238, 57, 62, 40, 175, 79, 62, 12, 225, 113, 62, 153, 128, 85, 62, 72, 114, 86, 62, 4, 179, 83, 62, 160, 134, 96, 62, 87, 52, 68, 62, 144, 203, 86, 62, 66, 226, 62, 62, 116, 127, 111, 62, 208, 208, 65, 62, 232, 210, 96, 62, 224, 95, 52, 62, 96, 17, 89, 62, 15, 160, 43, 62, 236, 188, 111, 62, 101, 232, 49, 62, 92, 242, 97, 62, 122, 97, 37, 62, 28, 126, 88, 62, 194, 150, 142, 62, 80, 35, 110, 62, 37, 112, 33, 62, 208, 131, 109, 62, 225, 134, 135, 62, 168, 190, 134, 62, 194, 212, 34, 62, 204, 100, 99, 62, 196, 26, 139, 62, 104, 212, 130, 62, 65, 243, 141, 62, 72, 199, 121, 62, 108, 77, 135, 62, 16, 164, 108, 62, 69, 108, 130, 62, 184, 11, 130, 62, 27, 74, 133, 62, 152, 50, 123, 62, 223, 19, 134, 62, 104, 159, 120, 62, 130, 207, 128, 62, 176, 240, 103, 62, 82, 35, 121, 62, 36, 162, 126, 62, 93, 53, 127, 62, 148, 85, 115, 62, 75, 137, 116, 62, 228, 170, 98, 62, 130, 137, 112, 62, 108, 83, 124, 62, 62, 159, 115, 62, 128, 244, 106, 62, 230, 40, 102, 62, 76, 193, 90, 62, 67, 158, 95, 62, 192, 91, 116, 62, 73, 51, 101, 62, 12, 27, 100, 62, 121, 60, 98, 62, 140, 37, 2, 62, 202, 61, 71, 62, 160, 225, 238, 61, 112, 246, 162, 62, 176, 199, 199, 62, 41, 196, 76, 62, 76, 221, 12, 62, 10, 58, 54, 62, 88, 220, 3, 62, 141, 153, 161, 62, 34, 135, 183, 62, 221, 195, 56, 62, 168, 85, 27, 62, 37, 112, 33, 62, 164, 74, 9, 62, 129, 221, 58, 62, 178, 202, 185, 62, 0, 233, 160, 62, 124, 27, 42, 62, 154, 119, 161, 62, 102, 180, 166, 62, 239, 218, 40, 62, 96, 42, 31, 62, 120, 18, 151, 62, 132, 251, 54, 62, 130, 218, 145, 62, 140, 171, 42, 62, 150, 42, 140, 62, 240, 69, 26, 62, 77, 170, 115, 62, 198, 227, 227, 62, 37, 175, 134, 62, 104, 123, 205, 61, 49, 160, 132, 62, 252, 198, 9, 62, 45, 254, 125, 62, 224, 98, 186, 61, 138, 41, 134, 62, 162, 184, 230, 62, 54, 26, 118, 62, 124, 127, 0, 62, 122, 117, 187, 62, 72, 109, 242, 62, 72, 157, 170, 62, 192, 84, 253, 62, 94, 57, 159, 62, 142, 226, 4, 63, 135, 69, 181, 62, 2, 176, 9, 63, 153, 106, 205, 62, 121, 133, 42, 63, 176, 60, 241, 62, 122, 233, 127, 63, 228, 183, 130, 62, 225, 205, 16, 63, 17, 140, 150, 62, 76, 241, 10, 63, 190, 12, 146, 62, 78, 119, 20, 63, 227, 92, 161, 62, 130, 14, 16, 63, 71, 68, 253, 62, 47, 137, 119, 63, 126, 187, 158, 62, 148, 235, 21, 63, 182, 31, 1, 63, 189, 14, 115, 63, 27, 163, 59, 62, 234, 70, 9, 63, 97, 173, 136, 61, 174, 15, 224, 62, 21, 136, 165, 61, 10, 60, 234, 62, 109, 121, 215, 62, 224, 10, 53, 61, 21, 99, 130, 62, 88, 84, 26, 63, 38, 248, 147, 62, 115, 180, 28, 63, 255, 179, 160, 62, 114, 26, 27, 63, 136, 75, 4, 63, 97, 224, 111, 63, 234, 172, 60, 62, 0, 21, 28, 63, 212, 22, 200, 61, 79, 201, 26, 63, 34, 175, 106, 63, 181, 90, 108, 63, 174, 42, 193, 61, 184, 130, 31, 63, 231, 55, 77, 63, 34, 193, 37, 63, 173, 221, 107, 63, 252, 16, 104, 63, 55, 79, 0, 63, 253, 237, 63, 63, 122, 125, 1, 63, 34, 173, 68, 63, 164, 162, 7, 63, 160, 63, 61, 63, 76, 19, 7, 63, 136, 157, 65, 63, 140, 18, 0, 63, 143, 207, 60, 63, 188, 46, 8, 63, 26, 168, 54, 63, 158, 163, 4, 63, 236, 137, 56, 63, 95, 114, 6, 63, 122, 91, 58, 63, 130, 215, 6, 63, 34, 28, 58, 63, 91, 209, 255, 62, 1, 113, 57, 63, 168, 112, 7, 63, 20, 34, 52, 63, 18, 51, 7, 63, 18, 188, 46, 63, 115, 224, 0, 63, 47, 43, 50, 63, 38, 173, 1, 63, 254, 155, 46, 63, 15, 170, 6, 63, 17, 124, 44, 63, 222, 37, 7, 63, 2, 84, 49, 63, 239, 216, 2, 63, 98, 26, 74, 63, 231, 2, 41, 63, 220, 245, 153, 62, 252, 231, 6, 63, 165, 222, 72, 63, 233, 183, 3, 63, 152, 153, 79, 63, 72, 57, 35, 63, 222, 125, 153, 62, 188, 59, 7, 63, 0, 64, 78, 63, 249, 238, 2, 63, 36, 150, 84, 63, 171, 81, 60, 63, 52, 126, 27, 63, 174, 195, 6, 63, 95, 237, 82, 63, 79, 20, 43, 63, 2, 9, 156, 62, 181, 13, 56, 63, 150, 32, 27, 63, 160, 202, 252, 62, 210, 37, 54, 63, 6, 239, 249, 62, 226, 187, 50, 63, 101, 29, 250, 62, 150, 214, 48, 63, 3, 41, 242, 62, 20, 105, 68, 63, 85, 149, 247, 62, 137, 76, 71, 63, 164, 227, 241, 62, 203, 162, 63, 63, 106, 44, 240, 62, 203, 188, 60, 63, 167, 237, 248, 62, 52, 12, 77, 63, 71, 93, 26, 63, 2, 206, 154, 62, 58, 252, 47, 63, 2, 206, 154, 62, 227, 18, 255, 62, 81, 157, 80, 63, 6, 243, 30, 63, 236, 60, 154, 62, 96, 128, 253, 62, 206, 252, 82, 63, 153, 126, 64, 63, 162, 179, 29, 63, 228, 34, 238, 62, 219, 255, 57, 63, 64, 128, 237, 62, 115, 126, 55, 63, 239, 119, 224, 62, 100, 120, 50, 63, 163, 21, 245, 62, 18, 110, 92, 63, 34, 68, 246, 62, 231, 157, 78, 63, 55, 33, 69, 63, 157, 245, 33, 63, 132, 222, 106, 63, 126, 24, 255, 62, 231, 254, 238, 62, 176, 238, 95, 63, 207, 108, 239, 62, 255, 93, 75, 63, 251, 102, 233, 62, 119, 54, 72, 63, 209, 66, 234, 62, 8, 191, 72, 63, 129, 210, 234, 62, 250, 210, 98, 63, 186, 66, 234, 62, 176, 42, 68, 63, 207, 109, 229, 62, 180, 78, 70, 63, 205, 184, 233, 62, 44, 135, 65, 63, 172, 154, 225, 62, 43, 251, 67, 63, 136, 3, 232, 62, 74, 166, 62, 63, 208, 75, 222, 62, 164, 187, 65, 63, 107, 7, 230, 62, 170, 127, 60, 63, 102, 179, 219, 62, 132, 177, 63, 63, 173, 48, 227, 62, 203, 59, 58, 63, 151, 244, 213, 62, 88, 247, 57, 63, 192, 112, 216, 62, 26, 159, 61, 63, 158, 106, 219, 62, 177, 73, 114, 63, 111, 169, 222, 62, 24, 43, 55, 63, 195, 105, 214, 62, 236, 181, 53, 63, 79, 168, 222, 62, 201, 122, 118, 63, 235, 164, 39, 63, 194, 230, 135, 62, 83, 4, 36, 63, 48, 224, 135, 62, 162, 226, 69, 63, 243, 107, 50, 63, 244, 15, 30, 63, 46, 200, 136, 62, 204, 135, 44, 63, 72, 171, 136, 62, 13, 1, 33, 63, 140, 54, 136, 62, 164, 108, 67, 63, 232, 154, 49, 63, 52, 187, 39, 63, 96, 255, 118, 62, 121, 118, 30, 63, 180, 243, 120, 62, 194, 1, 44, 63, 52, 252, 120, 62, 138, 54, 33, 63, 40, 44, 118, 62, 14, 156, 64, 63, 21, 158, 44, 63, 219, 10, 77, 63, 240, 113, 49, 63, 211, 107, 40, 63, 36, 192, 42, 62, 18, 48, 37, 63, 4, 210, 46, 62, 126, 48, 76, 63, 152, 230, 50, 62, 28, 215, 30, 63, 220, 232, 43, 62, 46, 56, 45, 63, 28, 121, 45, 62, 68, 1, 34, 63, 172, 168, 45, 62, 235, 122, 73, 63, 68, 110, 53, 62, 76, 16, 71, 63, 150, 225, 46, 63, 197, 71, 69, 63, 180, 248, 46, 63, 253, 47, 75, 63, 199, 249, 46, 63, 46, 253, 66, 63, 183, 191, 44, 63, 42, 178, 76, 63, 188, 113, 47, 63, 185, 185, 73, 63, 42, 48, 37, 63, 252, 42, 72, 63, 142, 196, 37, 63, 211, 68, 72, 63, 156, 87, 34, 63, 136, 45, 76, 63, 188, 198, 36, 63, 222, 114, 69, 63, 9, 201, 35, 63, 197, 7, 71, 63, 60, 209, 34, 63, 219, 10, 77, 63, 152, 127, 37, 63, 11, 200, 40, 63, 240, 114, 25, 62, 57, 126, 192, 62, 188, 251, 91, 62, 245, 59, 37, 63, 224, 222, 30, 62, 78, 124, 79, 63, 44, 202, 41, 62, 132, 193, 99, 63, 2, 206, 154, 62, 103, 51, 30, 63, 68, 212, 25, 62, 115, 146, 45, 63, 144, 225, 26, 62, 205, 57, 201, 62, 140, 187, 94, 62, 151, 138, 33, 63, 216, 116, 26, 62, 239, 17, 70, 63, 112, 193, 42, 62, 25, 189, 108, 63, 10, 236, 153, 62, 10, 178, 40, 63, 172, 42, 11, 62, 223, 161, 36, 63, 152, 224, 13, 62, 6, 29, 103, 63, 222, 136, 149, 62, 217, 131, 30, 63, 220, 50, 11, 62, 2, 88, 45, 63, 224, 178, 11, 62, 27, 154, 33, 63, 128, 43, 12, 62, 178, 218, 105, 63, 152, 223, 149, 62, 126, 219, 37, 63, 16, 148, 65, 61, 188, 5, 40, 63, 32, 107, 106, 61, 143, 63, 37, 63, 32, 205, 108, 61, 1, 14, 33, 63, 112, 76, 104, 61, 214, 153, 34, 63, 32, 156, 71, 61, 127, 78, 43, 63, 32, 139, 107, 61, 149, 58, 35, 63, 48, 240, 104, 61, 62, 226, 76, 63, 208, 55, 26, 62, 138, 154, 74, 63, 24, 180, 27, 62, 57, 126, 192, 62, 20, 2, 72, 62, 70, 245, 69, 63, 4, 141, 17, 62, 190, 225, 79, 63, 172, 82, 22, 62, 149, 53, 98, 63, 32, 126, 145, 62, 135, 177, 112, 63, 34, 246, 141, 62, 236, 176, 197, 62, 32, 201, 76, 62, 13, 166, 71, 63, 36, 254, 25, 62, 153, 72, 110, 63, 74, 244, 144, 62, 177, 128, 198, 62, 176, 163, 149, 62, 82, 54, 77, 63, 152, 41, 1, 62, 75, 9, 195, 62, 182, 115, 149, 62, 183, 164, 75, 63, 176, 166, 1, 62, 92, 200, 71, 63, 88, 180, 243, 61, 85, 130, 79, 63, 208, 243, 252, 61, 6, 52, 73, 63, 184, 58, 250, 61, 17, 149, 190, 62, 254, 182, 140, 62, 206, 57, 201, 62, 198, 209, 141, 62, 122, 98, 77, 63, 216, 173, 227, 61, 40, 251, 192, 62, 120, 129, 141, 62, 176, 27, 76, 63, 64, 155, 226, 61, 207, 48, 73, 63, 0, 175, 215, 61, 40, 52, 79, 63, 128, 38, 223, 61, 101, 107, 74, 63, 24, 180, 218, 61, 101, 58, 78, 63, 24, 111, 171, 61, 241, 33, 77, 63, 16, 71, 170, 61, 75, 183, 74, 63, 144, 142, 161, 61, 87, 247, 77, 63, 8, 227, 157, 61, 190, 225, 79, 63, 232, 191, 167, 61, 241, 189, 75, 63, 96, 100, 163, 61, 11, 225, 76, 63, 200, 188, 156, 61, 29, 51, 194, 62, 122, 62, 133, 62, 152, 133, 196, 62, 226, 10, 131, 62, 58, 75, 192, 62, 182, 140, 132, 62, 188, 145, 198, 62, 210, 218, 130, 62, 206, 57, 201, 62, 178, 107, 133, 62, 145, 74, 198, 62, 160, 104, 141, 62, 228, 239, 195, 62, 80, 125, 141, 62, 61, 184, 198, 62, 182, 88, 133, 62, 55, 164, 196, 62, 42, 136, 133, 62, 220, 91, 108, 63, 180, 3, 119, 62, 73, 208, 98, 63, 36, 251, 122, 62, 221, 151, 109, 63, 224, 129, 117, 62, 71, 236, 102, 63, 172, 47, 142, 62, 240, 176, 105, 63, 46, 96, 143, 62, 174, 59, 102, 63, 236, 215, 117, 62, 161, 58, 104, 63, 144, 222, 117, 62, 209, 247, 102, 63, 180, 191, 72, 62, 200, 232, 101, 63, 216, 111, 58, 62, 173, 216, 105, 63, 40, 166, 63, 62, 251, 79, 101, 63, 240, 192, 69, 62, 149, 53, 98, 63, 72, 35, 65, 62, 92, 218, 100, 63, 156, 134, 56, 62, 149, 178, 106, 63, 84, 135, 60, 62, 166, 218, 5, 63, 208, 136, 88, 63, 120, 220, 100, 63, 250, 57, 161, 62, 207, 37, 8, 63, 214, 246, 84, 63, 124, 56, 45, 63, 28, 40, 155, 62, 35, 187, 97, 63, 30, 40, 155, 62, 199, 59, 2, 63, 159, 249, 90, 63, 82, 180, 104, 63, 140, 250, 165, 62, 186, 68, 247, 62, 76, 239, 92, 63, 209, 34, 107, 63, 176, 109, 253, 62, 67, 70, 111, 63, 26, 126, 171, 62, 128, 50, 247, 62, 209, 147, 97, 63, 133, 152, 224, 62, 26, 94, 75, 63, 78, 124, 243, 62, 235, 0, 102, 63, 205, 208, 220, 62, 152, 34, 74, 63, 138, 13, 240, 62, 99, 83, 103, 63, 120, 234, 215, 62, 46, 187, 72, 63, 60, 11, 237, 62, 14, 226, 105, 63, 106, 182, 211, 62, 227, 67, 70, 63, 104, 8, 234, 62, 230, 221, 108, 63, 137, 84, 208, 62, 9, 111, 67, 63, 137, 7, 233, 62, 86, 44, 112, 63, 98, 89, 207, 62, 19, 65, 65, 63, 57, 164, 231, 62, 190, 87, 114, 63, 48, 59, 235, 62, 41, 155, 117, 63, 165, 19, 60, 63, 100, 173, 17, 63, 117, 254, 47, 63, 138, 241, 169, 62, 29, 159, 53, 63, 224, 26, 17, 63, 68, 195, 65, 63, 116, 233, 19, 63, 40, 28, 71, 63, 246, 10, 25, 63, 255, 159, 101, 63, 132, 182, 248, 62, 71, 122, 94, 63, 104, 133, 171, 62, 173, 205, 48, 63, 62, 101, 167, 62, 122, 32, 90, 63, 180, 163, 161, 62, 42, 193, 98, 63, 76, 11, 177, 62, 170, 98, 102, 63, 196, 4, 247, 62, 45, 154, 105, 63, 226, 32, 183, 62, 85, 166, 62, 63, 248, 2, 4, 63, 57, 249, 56, 63, 66, 81, 190, 62, 32, 38, 57, 63, 148, 60, 1, 63, 195, 225, 68, 63, 234, 117, 6, 63, 179, 140, 75, 63, 236, 84, 11, 63, 5, 176, 92, 63, 178, 249, 240, 62, 20, 69, 85, 63, 104, 38, 189, 62, 128, 27, 58, 63, 198, 245, 187, 62, 218, 98, 79, 63, 126, 18, 184, 62, 64, 49, 90, 63, 94, 122, 195, 62, 143, 193, 93, 63, 32, 31, 239, 62, 236, 84, 96, 63, 40, 205, 201, 62, 140, 74, 66, 63, 4, 189, 244, 62, 207, 74, 61, 63, 198, 56, 241, 62, 48, 91, 62, 63, 246, 76, 202, 62, 57, 252, 71, 63, 80, 9, 249, 62, 208, 159, 76, 63, 130, 163, 255, 62, 40, 61, 85, 63, 174, 46, 236, 62, 83, 227, 77, 63, 232, 240, 201, 62, 205, 3, 63, 63, 156, 53, 200, 62, 223, 206, 73, 63, 112, 197, 197, 62, 69, 113, 82, 63, 16, 238, 207, 62, 95, 82, 86, 63, 238, 73, 234, 62, 16, 132, 87, 63, 90, 144, 214, 62, 64, 122, 71, 63, 238, 203, 224, 62, 85, 185, 68, 63, 250, 95, 221, 62, 34, 199, 72, 63, 192, 46, 226, 62, 174, 140, 75, 63, 196, 201, 229, 62, 97, 203, 71, 63, 34, 98, 224, 62, 138, 61, 69, 63, 88, 206, 219, 62, 104, 30, 73, 63, 8, 173, 225, 62, 245, 218, 75, 63, 244, 133, 228, 62, 117, 191, 0, 63, 172, 52, 97, 63, 70, 185, 6, 63, 8, 192, 95, 63, 123, 106, 254, 62, 250, 182, 102, 63, 249, 180, 5, 63, 254, 72, 101, 63, 230, 171, 251, 62, 132, 81, 106, 63, 93, 151, 4, 63, 76, 125, 106, 63, 232, 131, 241, 62, 77, 100, 114, 63, 34, 197, 248, 62, 104, 152, 108, 63, 170, 106, 3, 63, 37, 153, 109, 63, 253, 146, 245, 62, 204, 114, 111, 63, 188, 22, 36, 63, 148, 154, 117, 62, 23, 132, 75, 63, 110, 249, 49, 63, 154, 91, 2, 63, 147, 173, 53, 63, 12, 95, 3, 63, 162, 102, 56, 63, 43, 221, 0, 63, 54, 238, 47, 63, 43, 32, 2, 63, 139, 52, 44, 63, 190, 202, 4, 63, 170, 165, 40, 63, 227, 97, 1, 63, 58, 221, 52, 63, 153, 117, 1, 63, 198, 141, 49, 63, 248, 28, 229, 62, 246, 110, 142, 62, 205, 236, 222, 62, 182, 12, 139, 62, 177, 229, 214, 62, 100, 254, 141, 62, 209, 64, 218, 62, 114, 99, 146, 62, 119, 77, 211, 62, 148, 168, 138, 62, 42, 117, 218, 62, 182, 54, 151, 62, 154, 106, 205, 62, 70, 42, 141, 62, 170, 203, 224, 62, 184, 250, 151, 62, 72, 60, 251, 62, 254, 205, 154, 62, 57, 39, 232, 62, 76, 124, 154, 62, 163, 23, 246, 62, 186, 243, 148, 62, 21, 236, 234, 62, 78, 150, 150, 62, 198, 137, 241, 62, 216, 188, 149, 62, 13, 49, 237, 62, 136, 218, 142, 62, 5, 162, 226, 62, 232, 75, 148, 62, 125, 217, 205, 62, 188, 202, 97, 62, 210, 190, 5, 63, 186, 53, 129, 62, 191, 58, 255, 62, 240, 211, 131, 62, 76, 90, 216, 62, 96, 241, 108, 62, 235, 107, 212, 62, 176, 173, 113, 62, 48, 146, 234, 62, 188, 85, 126, 62, 229, 117, 226, 62, 248, 228, 114, 62, 166, 226, 242, 62, 120, 170, 120, 62, 46, 56, 250, 62, 216, 196, 126, 62, 99, 209, 248, 62, 56, 236, 25, 62, 20, 182, 3, 63, 80, 124, 50, 61, 230, 207, 248, 62, 144, 175, 26, 61, 58, 85, 241, 62, 0, 57, 22, 62, 206, 25, 242, 62, 64, 58, 12, 61, 63, 63, 231, 62, 188, 10, 21, 62, 115, 224, 209, 62, 232, 77, 157, 61, 144, 190, 22, 63, 56, 161, 226, 61, 134, 27, 214, 62, 228, 95, 15, 62, 41, 35, 10, 63, 88, 135, 46, 62, 243, 154, 14, 63, 24, 248, 129, 61, 124, 149, 3, 63, 116, 207, 37, 62, 161, 62, 9, 63, 0, 5, 83, 61, 181, 143, 253, 62, 96, 171, 29, 62, 121, 241, 221, 62, 252, 46, 18, 62, 239, 191, 219, 62, 224, 82, 98, 61, 77, 150, 7, 63, 168, 93, 43, 62, 167, 96, 19, 63, 48, 157, 179, 61, 150, 144, 238, 62, 64, 53, 99, 62, 28, 180, 241, 62, 136, 182, 74, 62, 17, 185, 231, 62, 16, 253, 68, 62, 141, 213, 227, 62, 36, 152, 93, 62, 22, 191, 222, 62, 60, 163, 64, 62, 23, 77, 220, 62, 28, 141, 84, 62, 13, 247, 215, 62, 208, 218, 58, 62, 16, 117, 214, 62, 180, 179, 78, 62, 122, 31, 209, 62, 40, 128, 53, 62, 106, 201, 9, 63, 76, 27, 87, 62, 6, 59, 207, 62, 52, 69, 71, 62, 139, 9, 9, 63, 92, 33, 105, 62, 218, 239, 5, 63, 84, 22, 85, 62, 223, 180, 4, 63, 224, 134, 99, 62, 64, 251, 1, 63, 252, 91, 86, 62, 246, 177, 0, 63, 100, 254, 97, 62, 126, 70, 251, 62, 44, 241, 81, 62, 225, 27, 249, 62, 92, 249, 100, 62, 63, 136, 93, 61, 112, 68, 246, 62, 151, 80, 27, 61, 180, 182, 12, 63, 70, 245, 69, 63, 96, 228, 92, 62, 32, 235, 103, 63, 122, 233, 127, 63, 117, 139, 174, 61, 22, 99, 247, 62, 154, 106, 205, 62, 48, 184, 135, 61, 59, 48, 26, 63, 200, 158, 236, 61, 223, 21, 136, 61, 232, 80, 13, 63, 51, 168, 103, 63, 110, 76, 122, 63, 37, 224, 218, 61, 90, 38, 0, 63, 179, 195, 22, 63, 96, 4, 151, 61, 175, 129, 179, 61, 151, 21, 3, 63, 28, 107, 223, 61, 72, 75, 12, 63, 100, 163, 249, 61, 86, 52, 1, 63, 247, 44, 20, 63, 96, 108, 47, 61, 76, 66, 245, 61, 180, 184, 6, 63, 87, 248, 3, 62, 74, 157, 17, 63, 88, 21, 20, 62, 172, 143, 251, 62, 144, 64, 13, 63, 192, 222, 53, 60, 193, 31, 40, 62, 236, 124, 7, 63, 192, 165, 1, 63, 8, 130, 166, 61, 103, 66, 255, 62, 216, 74, 207, 61, 93, 165, 0, 63, 48, 79, 185, 61, 40, 72, 246, 62, 232, 219, 199, 61, 53, 24, 249, 62, 232, 135, 162, 61, 33, 83, 248, 62, 128, 254, 178, 61, 220, 95, 236, 62, 112, 238, 198, 61, 3, 210, 237, 62, 184, 112, 159, 61, 107, 97, 238, 62, 224, 140, 178, 61, 85, 80, 218, 62, 112, 84, 177, 61, 141, 88, 18, 63, 192, 159, 246, 61, 204, 77, 220, 62, 240, 53, 208, 61, 137, 98, 16, 63, 212, 58, 12, 62, 16, 22, 221, 62, 64, 76, 193, 61, 215, 13, 17, 63, 200, 6, 4, 62, 179, 107, 7, 63, 240, 232, 235, 61, 3, 63, 10, 63, 248, 87, 184, 61, 78, 77, 8, 63, 216, 221, 212, 61, 61, 109, 3, 63, 8, 218, 214, 61, 6, 236, 5, 63, 120, 208, 170, 61, 130, 116, 4, 63, 208, 18, 193, 61, 195, 237, 226, 62, 24, 215, 205, 61, 177, 30, 228, 62, 40, 117, 161, 61, 37, 213, 228, 62, 224, 163, 184, 61, 98, 162, 14, 63, 128, 233, 211, 61, 67, 149, 11, 63, 36, 49, 2, 62, 185, 152, 12, 63, 48, 161, 239, 61, 108, 70, 43, 62, 62, 137, 137, 62, 244, 249, 57, 62, 70, 12, 146, 62, 77, 80, 114, 62, 180, 163, 149, 62, 255, 94, 82, 62, 230, 110, 146, 62, 64, 86, 100, 62, 138, 8, 142, 62, 199, 136, 162, 62, 16, 225, 230, 62, 184, 232, 73, 62, 188, 142, 227, 62, 145, 177, 147, 62, 104, 40, 231, 61, 243, 22, 53, 62, 62, 57, 201, 62, 96, 93, 155, 62, 40, 38, 25, 62, 187, 85, 98, 62, 72, 40, 196, 61, 198, 246, 152, 62, 38, 157, 222, 62, 119, 199, 142, 62, 66, 43, 247, 62, 177, 157, 248, 61, 102, 117, 37, 63, 253, 71, 176, 58, 180, 253, 3, 63, 102, 87, 179, 58, 96, 237, 70, 63, 200, 160, 0, 62, 181, 25, 30, 63, 165, 145, 48, 61, 122, 124, 3, 63, 220, 107, 146, 61, 100, 249, 7, 63, 1, 245, 0, 62, 151, 15, 24, 63, 156, 48, 78, 63, 60, 223, 117, 62, 165, 245, 81, 63, 91, 91, 41, 63, 176, 14, 78, 63, 76, 175, 40, 63, 60, 159, 97, 63, 212, 231, 67, 62, 158, 46, 111, 63, 121, 66, 103, 63, 122, 248, 125, 63, 122, 233, 127, 63, 3, 65, 108, 63, 138, 203, 120, 63, 253, 120, 109, 63, 131, 141, 109, 63, 177, 28, 90, 63, 60, 223, 117, 62, 165, 245, 81, 63, 242, 107, 50, 63, 136, 8, 98, 63, 60, 223, 117, 62, 71, 178, 77, 63, 0, 85, 48, 63, 103, 38, 96, 63, 220, 237, 98, 62, 6, 213, 88, 63, 204, 104, 98, 62, 246, 59, 116, 63, 198, 68, 107, 63, 141, 166, 118, 63, 216, 244, 109, 63, 33, 252, 124, 63, 119, 184, 121, 63, 201, 252, 116, 63, 150, 61, 120, 63, 20, 61, 118, 63, 22, 225, 117, 63, 225, 243, 114, 63, 128, 122, 117, 63, 123, 20, 115, 63, 32, 250, 110, 63, 124, 26, 77, 63, 80, 100, 98, 62, 4, 198, 83, 63, 116, 34, 54, 62, 83, 37, 111, 63, 150, 158, 126, 63, 103, 242, 91, 62, 116, 77, 3, 63, 167, 218, 92, 62, 80, 164, 16, 63, 153, 39, 97, 62, 252, 115, 37, 63, 153, 39, 97, 62, 82, 118, 37, 63, 38, 23, 96, 62, 45, 99, 27, 63, 142, 81, 64, 62, 142, 194, 17, 63, 162, 115, 181, 62, 78, 240, 98, 63, 52, 45, 182, 62, 45, 69, 110, 63, 36, 195, 4, 62, 136, 107, 109, 63, 9, 241, 181, 62, 122, 233, 127, 63, 70, 42, 8, 62, 110, 87, 98, 63, 108, 217, 84, 63, 0, 23, 53, 63, 238, 246, 38, 62, 89, 241, 84, 63, 239, 205, 72, 63, 254, 152, 50, 63, 151, 5, 134, 62, 3, 177, 71, 63, 203, 188, 241, 61, 240, 148, 134, 62, 95, 176, 2, 62, 164, 182, 132, 62, 152, 255, 7, 62, 66, 77, 141, 62, 246, 92, 15, 62, 76, 71, 139, 62, 109, 159, 178, 61, 194, 203, 147, 62, 122, 204, 249, 61, 130, 208, 145, 62, 9, 54, 202, 61, 222, 18, 142, 62, 247, 248, 219, 61, 48, 172, 142, 62, 25, 127, 215, 61, 116, 4, 134, 62, 86, 217, 245, 61, 240, 104, 141, 62, 11, 144, 144, 61, 200, 122, 139, 62, 98, 239, 172, 61, 152, 219, 137, 62, 201, 91, 23, 62, 16, 76, 130, 62, 167, 171, 138, 61, 78, 49, 146, 62, 43, 11, 27, 62, 206, 0, 132, 62, 214, 227, 234, 61, 86, 158, 128, 62, 239, 164, 3, 62, 220, 77, 126, 62, 85, 75, 209, 61, 188, 102, 128, 62, 22, 182, 183, 61, 106, 109, 134, 62, 3, 36, 204, 61, 64, 155, 52, 62, 84, 201, 202, 61, 200, 235, 42, 62, 144, 79, 203, 61, 176, 189, 47, 62, 145, 186, 238, 61, 252, 60, 42, 62, 52, 203, 239, 61, 124, 25, 52, 62, 98, 253, 239, 61, 160, 163, 47, 62, 99, 221, 6, 62, 160, 36, 41, 62, 89, 41, 9, 62, 228, 249, 56, 62, 6, 72, 8, 62, 160, 175, 50, 62, 12, 92, 8, 61, 172, 232, 66, 62, 89, 205, 18, 61, 40, 35, 74, 62, 10, 253, 13, 61, 76, 138, 71, 62, 32, 247, 24, 61, 196, 204, 60, 62, 159, 188, 47, 61, 220, 146, 75, 62, 244, 241, 42, 61, 8, 168, 70, 62, 113, 149, 60, 61, 168, 82, 62, 62, 76, 82, 72, 61, 28, 114, 70, 62, 221, 77, 70, 61, 160, 86, 67, 62, 79, 137, 135, 61, 92, 214, 49, 62, 236, 230, 140, 61, 236, 132, 66, 62, 192, 205, 137, 61, 24, 23, 58, 62, 156, 8, 168, 61, 144, 130, 45, 62, 27, 15, 173, 61, 96, 138, 56, 62, 251, 25, 170, 61, 84, 246, 49, 62, 232, 47, 243, 60, 204, 16, 74, 62, 188, 81, 21, 62, 172, 150, 52, 62, 215, 34, 6, 61, 160, 102, 80, 62, 202, 56, 22, 62, 148, 85, 59, 62, 17, 25, 220, 60, 32, 129, 68, 62, 255, 185, 20, 62, 208, 80, 46, 62, 117, 56, 47, 61, 152, 229, 74, 62, 143, 40, 31, 61, 104, 43, 64, 62, 101, 84, 92, 61, 76, 33, 65, 62, 49, 154, 103, 61, 12, 0, 73, 62, 105, 226, 85, 61, 208, 238, 57, 62, 218, 249, 228, 61, 4, 225, 113, 62, 251, 86, 217, 61, 64, 114, 86, 62, 38, 242, 220, 61, 152, 134, 96, 62, 129, 239, 251, 61, 140, 203, 86, 62, 213, 73, 3, 62, 108, 127, 111, 62, 71, 91, 0, 62, 224, 210, 96, 62, 53, 204, 13, 62, 88, 17, 89, 62, 7, 140, 22, 62, 232, 188, 111, 62, 176, 67, 16, 62, 84, 242, 97, 62, 79, 250, 19, 61, 72, 35, 110, 62, 157, 202, 28, 62, 20, 126, 88, 62, 85, 121, 76, 61, 164, 190, 134, 62, 242, 187, 32, 62, 200, 131, 109, 62, 78, 22, 25, 61, 64, 199, 121, 62, 59, 218, 47, 61, 100, 212, 130, 62, 85, 87, 31, 62, 200, 100, 99, 62, 246, 68, 78, 61, 8, 164, 108, 62, 51, 78, 117, 61, 180, 11, 130, 62, 98, 17, 88, 61, 96, 159, 120, 62, 129, 95, 94, 61, 144, 50, 123, 62, 37, 26, 129, 61, 168, 240, 103, 62, 136, 17, 146, 61, 28, 162, 126, 62, 116, 237, 133, 61, 140, 85, 115, 62, 151, 69, 155, 61, 220, 170, 98, 62, 41, 69, 163, 61, 100, 83, 124, 62, 177, 25, 157, 61, 120, 244, 106, 62, 99, 6, 184, 61, 68, 193, 90, 62, 167, 27, 197, 61, 180, 91, 116, 62, 153, 241, 185, 61, 4, 27, 100, 62, 65, 223, 191, 61, 136, 37, 2, 62, 156, 220, 245, 61, 152, 225, 238, 61, 251, 247, 162, 62, 3, 5, 103, 63, 223, 207, 234, 61, 68, 221, 12, 62, 13, 242, 11, 62, 80, 220, 3, 62, 88, 155, 161, 62, 47, 37, 111, 63, 58, 104, 9, 62, 160, 85, 27, 62, 20, 48, 180, 57, 116, 27, 42, 62, 242, 187, 32, 62, 156, 74, 9, 62, 227, 227, 58, 62, 226, 3, 110, 63, 160, 121, 161, 62, 110, 142, 119, 63, 65, 57, 160, 60, 120, 251, 54, 62, 42, 81, 25, 62, 88, 42, 31, 62, 146, 184, 243, 60, 132, 171, 42, 62, 176, 91, 39, 61, 232, 69, 26, 62, 64, 55, 83, 61, 88, 123, 205, 61, 217, 173, 115, 62, 120, 247, 88, 63, 215, 174, 99, 61, 244, 198, 9, 62, 217, 91, 136, 61, 208, 98, 186, 61, 19, 43, 134, 62, 248, 140, 87, 63, 195, 35, 152, 61, 116, 127, 0, 62, 22, 118, 187, 62, 89, 178, 81, 63, 249, 157, 170, 62, 206, 62, 76, 63, 9, 58, 159, 62, 201, 6, 70, 63, 200, 69, 181, 62, 63, 57, 65, 63, 31, 234, 33, 63, 121, 233, 127, 63, 42, 211, 51, 63, 122, 133, 42, 63, 128, 184, 130, 62, 206, 27, 58, 63, 171, 140, 150, 62, 46, 248, 63, 63, 33, 13, 146, 62, 76, 114, 54, 63, 62, 93, 161, 62, 246, 218, 58, 63, 83, 230, 27, 63, 47, 137, 119, 63, 192, 187, 158, 62, 246, 253, 52, 63, 192, 104, 25, 63, 189, 14, 115, 63, 154, 165, 59, 62, 10, 163, 65, 63, 4, 187, 136, 61, 112, 226, 90, 63, 53, 148, 165, 61, 68, 204, 85, 63, 188, 115, 98, 63, 40, 211, 61, 63, 100, 99, 130, 62, 104, 149, 48, 63, 85, 248, 147, 62, 47, 53, 46, 63, 39, 180, 160, 62, 31, 207, 47, 63, 239, 60, 22, 63, 97, 224, 111, 63, 166, 173, 60, 62, 2, 213, 46, 63, 64, 26, 200, 61, 126, 33, 48, 63, 139, 241, 122, 63, 168, 134, 83, 63, 175, 44, 193, 61, 51, 104, 43, 63, 98, 179, 86, 63, 34, 193, 37, 63, 0, 195, 121, 63, 238, 60, 79, 63, 63, 57, 26, 63, 253, 237, 63, 63, 252, 10, 25, 63, 34, 173, 68, 63, 210, 229, 18, 63, 160, 63, 61, 63, 42, 117, 19, 63, 136, 157, 65, 63, 235, 117, 26, 63, 144, 207, 60, 63, 187, 89, 18, 63, 26, 168, 54, 63, 245, 176, 19, 63, 34, 28, 58, 63, 23, 22, 20, 63, 122, 91, 58, 63, 217, 228, 21, 63, 236, 137, 56, 63, 201, 159, 26, 63, 2, 113, 57, 63, 207, 23, 19, 63, 20, 34, 52, 63, 101, 85, 19, 63, 18, 188, 46, 63, 81, 219, 24, 63, 254, 155, 46, 63, 4, 168, 25, 63, 47, 43, 50, 63, 104, 222, 19, 63, 17, 124, 44, 63, 153, 98, 19, 63, 2, 84, 49, 63, 136, 175, 23, 63, 98, 26, 74, 63, 153, 34, 55, 63, 220, 245, 153, 62, 123, 160, 19, 63, 165, 222, 72, 63, 141, 208, 22, 63, 152, 153, 79, 63, 57, 236, 60, 63, 222, 125, 153, 62, 187, 76, 19, 63, 1, 64, 78, 63, 125, 153, 23, 63, 36, 150, 84, 63, 230, 169, 25, 63, 52, 126, 27, 63, 200, 196, 19, 63, 95, 237, 82, 63, 221, 237, 29, 63, 150, 32, 27, 63, 67, 231, 42, 63, 0, 9, 156, 62, 39, 35, 28, 63, 210, 37, 54, 63, 244, 144, 29, 63, 226, 187, 50, 63, 196, 121, 29, 63, 151, 214, 48, 63, 245, 115, 33, 63, 20, 105, 68, 63, 204, 189, 30, 63, 137, 76, 71, 63, 164, 150, 33, 63, 204, 162, 63, 63, 66, 114, 34, 63, 204, 188, 60,